Leg Angle Analysis Report
==================================================

Video Information:
Resolution: 1280x720
Frame Rate: 30.0 FPS
Total Frames: 223
File Size: 8.52 MB

Knee Angle Data (per frame):
 Time(s) | R-Knee Angle |  R-Knee Vel. | L-Knee Angle |  L-Knee Vel.
------------------------------------------------------------
   0.000 |       161.73 |        69.28 |       161.69 |       269.32
   0.033 |       164.04 |        56.98 |       170.67 |        85.68
   0.067 |       165.94 |        35.02 |       173.53 |       -78.71
   0.100 |       167.11 |       -30.80 |       170.90 |       -22.99
   0.133 |       166.08 |       135.76 |       170.14 |        72.77
   0.167 |       170.61 |         5.68 |       172.56 |         2.85
   0.200 |       170.80 |       -47.96 |       172.66 |        -5.97
   0.233 |       169.20 |       -79.50 |       172.46 |       -41.72
   0.267 |       166.55 |        17.62 |       171.07 |       -53.72
   0.300 |       167.13 |       -60.74 |       169.28 |        -5.48
   0.333 |       165.11 |        -0.46 |       169.09 |       -60.30
   0.367 |       165.09 |        65.43 |       167.08 |       -35.67
   0.400 |       167.28 |        64.78 |       165.90 |         9.26
   0.433 |       169.43 |       -34.61 |       166.20 |        13.65
   0.467 |       168.28 |        43.50 |       166.66 |       -18.48
   0.500 |       169.73 |        16.96 |       166.04 |        18.25
   0.533 |       170.30 |       -12.13 |       166.65 |        -8.57
   0.567 |       169.89 |       -22.92 |       166.37 |       -76.62
   0.600 |       169.13 |        41.64 |       163.81 |         9.27
   0.633 |       170.52 |         2.74 |       164.12 |        38.07
   0.667 |       170.61 |        49.57 |       165.39 |        22.07
   0.700 |       172.26 |        33.48 |       166.13 |        12.92
   0.733 |       173.38 |       -29.24 |       166.56 |       -25.41
   0.767 |       172.40 |        -6.79 |       165.71 |         5.57
   0.800 |       172.17 |       -34.39 |       165.89 |       105.51
   0.833 |       171.03 |        17.49 |       169.41 |        -4.12
   0.867 |       171.61 |       -30.95 |       169.27 |         2.95
   0.900 |       170.58 |       -12.35 |       169.37 |       -30.77
   0.933 |       170.17 |        32.72 |       168.35 |       -18.58
   0.967 |       171.26 |         6.00 |       167.73 |       -19.97
   1.000 |       171.46 |        -5.54 |       167.06 |       -19.16
   1.033 |       171.27 |         3.75 |       166.42 |        -0.57
   1.067 |       171.40 |         3.15 |       166.40 |       -14.72
   1.100 |       171.50 |        -0.09 |       165.91 |        -8.48
   1.133 |       171.50 |       -79.79 |       165.63 |       -36.30
   1.167 |       168.84 |        -1.78 |       164.42 |       -12.83
   1.200 |       168.78 |        -9.03 |       163.99 |        -2.93
   1.233 |       168.48 |       -11.08 |       163.89 |        20.50
   1.267 |       168.11 |       -20.28 |       164.58 |        17.04
   1.300 |       167.44 |       -17.19 |       165.15 |       -12.24
   1.333 |       166.86 |        18.05 |       164.74 |         7.68
   1.367 |       167.46 |        41.43 |       164.99 |        16.05
   1.400 |       168.85 |        54.00 |       165.53 |        15.98
   1.433 |       170.65 |        -4.23 |       166.06 |         5.55
   1.467 |       170.50 |         5.81 |       166.25 |         4.69
   1.500 |       170.70 |       -24.93 |       166.40 |       -14.57
   1.533 |       169.87 |        29.62 |       165.92 |         5.91
   1.567 |       170.85 |        12.33 |       166.11 |        20.72
   1.600 |       171.27 |        31.57 |       166.80 |        63.11
   1.633 |       172.32 |        -6.51 |       168.91 |        -3.21
   1.667 |       172.10 |         5.54 |       168.80 |       -10.10
   1.700 |       172.29 |        33.47 |       168.47 |         3.51
   1.733 |       173.40 |         0.05 |       168.58 |         5.68
   1.767 |       173.40 |       -21.86 |       168.77 |        -1.36
   1.800 |       172.67 |       -31.92 |       168.73 |        -0.52
   1.833 |       171.61 |        -3.14 |       168.71 |       -18.10
   1.867 |       171.51 |        -1.17 |       168.11 |       -18.08
   1.900 |       171.47 |        -1.45 |       167.50 |       -11.41
   1.933 |       171.42 |        23.45 |       167.12 |         5.39
   1.967 |       172.20 |        27.94 |       167.30 |        20.54
   2.000 |       173.13 |        21.76 |       167.99 |        18.67
   2.033 |       173.86 |       -12.27 |       168.61 |        -3.44
   2.067 |       173.45 |       -13.33 |       168.49 |       -41.71
   2.100 |       173.00 |       -17.77 |       167.10 |        -0.51
   2.133 |       172.41 |       -37.76 |       167.09 |       -13.21
   2.167 |       171.15 |         6.09 |       166.65 |        12.71
   2.200 |       171.35 |         8.80 |       167.07 |        -0.97
   2.233 |       171.65 |        43.96 |       167.04 |        -2.39
   2.267 |       173.11 |        -8.01 |       166.96 |        11.89
   2.300 |       172.85 |         2.61 |       167.35 |        -5.08
   2.333 |       172.93 |        37.21 |       167.19 |        52.45
   2.367 |       174.17 |         4.33 |       168.93 |        31.99
   2.400 |       174.32 |         3.15 |       170.00 |        50.94
   2.433 |       174.42 |        21.45 |       171.70 |        -9.67
   2.467 |       175.14 |        -1.45 |       171.38 |        -2.17
   2.500 |       175.09 |       -40.72 |       171.30 |       -22.17
   2.533 |       173.73 |       -77.91 |       170.56 |       -35.97
   2.567 |       171.14 |       -15.68 |       169.37 |       -36.91
   2.600 |       170.61 |         1.14 |       168.14 |       -41.75
   2.633 |       170.65 |       -21.63 |       166.74 |       -21.45
   2.667 |       169.93 |       -43.97 |       166.03 |       -18.11
   2.700 |       168.46 |       -46.43 |       165.42 |       -20.43
   2.733 |       166.92 |       -15.02 |       164.74 |       -19.24
   2.767 |       166.42 |        -5.51 |       164.10 |       -13.88
   2.800 |       166.23 |       -27.13 |       163.64 |       -20.46
   2.833 |       165.33 |         7.24 |       162.96 |       -19.90
   2.867 |       165.57 |         9.37 |       162.29 |        -1.59
   2.900 |       165.88 |         0.19 |       162.24 |        -1.81
   2.933 |       165.89 |       -27.37 |       162.18 |       -15.02
   2.967 |       164.98 |         8.48 |       161.68 |        -8.11
   3.000 |       165.26 |         9.38 |       161.41 |        14.41
   3.033 |       165.57 |        72.47 |       161.89 |        68.37
   3.067 |       167.99 |       109.77 |       164.17 |       113.87
   3.100 |       171.65 |       -20.25 |       167.97 |        20.02
   3.133 |       170.97 |       -40.49 |       168.63 |       -14.03
   3.167 |       169.62 |        -8.40 |       168.17 |        19.63
   3.200 |       169.34 |        48.63 |       168.82 |       -17.07
   3.233 |       170.96 |        54.59 |       168.25 |        30.45
   3.267 |       172.78 |       -14.27 |       169.27 |       -20.63
   3.300 |       172.31 |         3.82 |       168.58 |        56.68
   3.333 |       172.43 |       121.30 |       170.47 |        53.24
   3.367 |       176.48 |       -36.88 |       172.24 |       -24.47
   3.400 |       175.25 |       -49.12 |       171.43 |       -80.86
   3.433 |       173.61 |       -21.65 |       168.73 |      -143.05
   3.467 |       172.89 |       -19.54 |       163.96 |       -32.25
   3.500 |       172.24 |         1.77 |       162.89 |         9.93
   3.533 |       172.30 |        72.98 |       163.22 |        71.90
   3.567 |       174.73 |       -87.22 |       165.61 |       -25.67
   3.600 |       171.82 |        35.02 |       164.76 |       -68.09
   3.633 |       172.99 |       -14.74 |       162.49 |      -249.80
   3.667 |       172.50 |       -58.90 |       154.16 |       -53.11
   3.700 |       170.53 |      -197.79 |       152.39 |      -869.80
   3.733 |       163.94 |      -105.35 |       123.40 |      -268.88
   3.767 |       160.43 |       -16.42 |       114.44 |       145.06
   3.800 |       159.88 |        78.28 |       119.27 |      -303.31
   3.833 |       162.49 |      -274.38 |       109.16 |      -471.46
   3.867 |       153.35 |      -137.59 |        93.45 |        66.33
   3.900 |       148.76 |       -55.65 |        95.66 |      -285.08
   3.933 |       146.90 |       -97.50 |        86.15 |       -60.10
   3.967 |       143.65 |      -114.98 |        84.15 |      -254.18
   4.000 |       139.82 |        68.99 |        75.68 |        47.89
   4.033 |       142.12 |       120.72 |        77.27 |       -45.65
   4.067 |       146.15 |        61.84 |        75.75 |        52.60
   4.100 |       148.21 |       -53.79 |        77.51 |        17.79
   4.133 |       146.41 |       -21.60 |        78.10 |        49.33
   4.167 |       145.69 |       -20.08 |        79.74 |       -45.07
   4.200 |       145.02 |        -7.92 |        78.24 |       120.49
   4.233 |       144.76 |       -45.14 |        82.26 |        71.96
   4.267 |       143.26 |      -155.47 |        84.66 |      -202.33
   4.300 |       138.07 |        48.30 |        77.91 |       168.76
   4.333 |       139.68 |       -19.14 |        83.54 |        66.68
   4.367 |       139.05 |      -124.14 |        85.76 |       105.11
   4.400 |       134.91 |      -257.38 |        89.26 |        -6.13
   4.433 |       126.33 |         0.46 |        89.06 |      -137.65
   4.467 |       126.34 |        92.03 |        84.47 |        -0.14
   4.500 |       129.41 |         2.81 |        84.47 |      -138.18
   4.533 |       129.51 |       -32.61 |        79.86 |      -167.65
   4.567 |       128.42 |       -54.25 |        74.27 |        -1.44
   4.600 |       126.61 |        -2.23 |        74.22 |         8.97
   4.633 |       126.54 |       155.80 |        74.52 |       194.04
   4.667 |       131.73 |       159.77 |        80.99 |       194.47
   4.700 |       137.05 |       -15.07 |        87.47 |       151.19
   4.733 |       136.55 |        -3.49 |        92.51 |       183.67
   4.767 |       136.44 |      -136.97 |        98.63 |       399.14
   4.800 |       131.87 |       -73.85 |       111.94 |       180.93
   4.833 |       129.41 |       -72.03 |       117.97 |         3.69
   4.867 |       127.01 |        18.97 |       118.09 |       140.28
   4.900 |       127.64 |         7.21 |       122.77 |       104.71
   4.933 |       127.88 |        31.36 |       126.26 |       -38.67
   4.967 |       128.93 |        21.09 |       124.97 |       -62.68
   5.000 |       129.63 |       -34.36 |       122.88 |      -205.84
   5.033 |       128.48 |       -19.64 |       116.02 |       255.60
   5.067 |       127.83 |       363.56 |       124.54 |      -430.34
   5.100 |       139.95 |      -389.20 |       110.20 |      -398.50
   5.133 |       126.97 |      -330.64 |        96.91 |      -179.48
   5.167 |       115.95 |       -13.66 |        90.93 |       -59.28
   5.200 |       115.50 |      -300.97 |        88.95 |       112.36
   5.233 |       105.46 |       -33.93 |        92.70 |       495.97
   5.267 |       104.33 |       -26.50 |       109.23 |       -85.80
   5.300 |       103.45 |       499.11 |       106.37 |      1017.70
   5.333 |       120.09 |       109.88 |       140.30 |      -137.35
   5.367 |       123.75 |       253.08 |       135.72 |       166.39
   5.400 |       132.19 |       220.70 |       141.26 |       329.59
   5.433 |       139.54 |      -530.03 |       152.25 |      -527.27
   5.467 |       121.88 |       529.85 |       134.67 |       -84.40
   5.500 |       139.54 |       319.97 |       131.86 |       619.47
   5.533 |       150.20 |       362.50 |       152.51 |       117.64
   5.567 |       162.29 |       233.15 |       156.43 |      -275.94
   5.600 |       170.06 |        70.14 |       147.23 |       -41.05
   5.633 |       172.40 |        17.35 |       145.86 |        70.85
   5.667 |       172.97 |      -102.75 |       148.23 |         0.30
   5.700 |       169.55 |     -1031.91 |       148.24 |       498.72
   5.733 |       135.15 |       882.41 |       164.86 |       202.45
   5.767 |       164.57 |      -845.82 |       171.61 |       -40.60
   5.800 |       136.37 |       560.86 |       170.26 |       -17.54
   5.833 |       155.07 |        94.93 |       169.67 |       -27.77
   5.867 |       158.23 |       496.05 |       168.74 |        18.27
   5.900 |       174.77 |        25.74 |       169.35 |      -364.60
   5.933 |       175.62 |        42.89 |       157.20 |        15.01
   5.967 |       177.05 |        88.75 |       157.70 |        81.64
   6.000 |       180.01 |        66.94 |       160.42 |      -163.03
   6.033 |       182.24 |        25.02 |       154.99 |       131.92
   6.067 |       183.08 |      -117.16 |       159.39 |      -106.09
   6.100 |       179.17 |       112.34 |       155.85 |       156.44
   6.133 |       182.92 |        22.54 |       161.06 |        49.31
   6.167 |       183.67 |      -122.07 |       162.71 |       -70.38
   6.200 |       179.60 |         6.87 |       160.36 |       -14.63
   6.233 |       179.83 |       -38.26 |       159.87 |        95.75
   6.267 |       178.55 |      -106.46 |       163.06 |       227.58
   6.300 |       175.00 |       -70.40 |       170.65 |        87.08
   6.333 |       172.66 |      -238.74 |       173.55 |       145.49
   6.367 |       164.70 |      -181.03 |       178.40 |       -19.11
   6.400 |       158.67 |       -26.50 |       177.77 |        42.27
   6.433 |       157.78 |      -170.78 |       179.18 |        44.66
   6.467 |       152.09 |       142.51 |       180.66 |       -12.00
   6.500 |       156.84 |      -172.31 |       180.26 |       216.09
   6.533 |       151.10 |       181.67 |       187.47 |         8.19
   6.567 |       157.15 |        -2.29 |       187.74 |       -11.02
   6.600 |       157.08 |       -54.26 |       187.37 |       -31.27
   6.633 |       155.27 |       -63.05 |       186.33 |         3.48
   6.667 |       153.16 |      -217.22 |       186.45 |      -299.65
   6.700 |       145.92 |      -114.80 |       176.46 |       206.07
   6.733 |       142.10 |       565.58 |       183.33 |       114.65
   6.767 |       160.95 |       421.61 |       187.15 |        58.85
   6.800 |       175.00 |       104.65 |       189.11 |         9.96
   6.833 |       178.49 |         3.77 |       189.44 |       -86.86
   6.867 |       178.62 |      -162.27 |       186.55 |       -67.56
   6.900 |       173.21 |      -122.11 |       184.30 |      -149.90
   6.933 |       169.14 |       -25.55 |       179.30 |        26.94
   6.967 |       168.29 |      -231.74 |       180.20 |       -55.08
   7.000 |       160.56 |       -33.90 |       178.36 |       -53.92
   7.033 |       159.43 |      -218.56 |       176.56 |      -135.81
   7.067 |       152.15 |       -67.41 |       172.04 |        -1.79
   7.100 |       149.90 |        12.69 |       171.98 |        30.46
   7.133 |       150.32 |      -122.99 |       172.99 |       -41.78
   7.167 |       146.22 |      -109.74 |       171.60 |      -107.03
